000068 -0.00027 -0.00587 -0.00071 -0.00350 0.00078 -0.01578 0.11213
600220 -0.00057 -0.00566 0.00002 -0.00201 -0.00296 -0.00708 0.01967
000968 -0.01086 0.00450 -0.00338 -0.01433 0.00715 -0.00319 0.01854
600256 -0.00009 -0.00768 -0.00434 0.00405 0.00261 -0.00071 0.01400
000617 -0.00198 -0.00292 -0.00042 -0.00153 -0.00166 -0.00482 0.01368
600110 -0.00561 0.00251 -0.00289 -0.00643 -0.00094 -0.01378 0.01325
600331 -0.00099 -0.00671 -0.00315 -0.00327 -0.00953 -0.01006 0.01267
000875 -0.00482 -0.00520 0.00154 -0.00297 -0.00003 -0.00464 0.01245
000767 -0.00163 -0.00412 0.00168 -0.00158 0.00260 -0.00448 0.01206
600602 -0.00048 -0.00078 0.00825 -0.00146 -0.00682 -0.00555 0.01203
000636 -0.00649 0.01133 0.00937 -0.00308 0.00084 0.00922 0.01159
600078 0.00033 -0.00943 0.00009 -0.00378 -0.00171 -0.00731 0.01139
600320 -0.00026 -0.00667 -0.00236 -0.00137 -0.00349 -0.00474 0.01122
600410 -0.00388 0.00141 0.00959 0.00291 -0.00814 -0.00732 0.01030
000400 -0.00426 -0.00327 0.00012 -0.00740 -0.00488 -0.00581 0.00965
600569 0.00388 0.00323 -0.01230 -0.00467 -0.00665 0.01047 0.00958
600739 0.00022 0.00037 0.00091 -0.00236 -0.00267 -0.00331 0.00952
000607 -0.00135 -0.00679 0.00147 -0.00279 -0.00126 -0.00873 0.00933
600500 0.00192 -0.00888 -0.00144 -0.00118 0.00290 -0.00457 0.00920
600282 0.00452 0.00486 -0.01115 0.00340 -0.00238 0.00171 0.00884
000725 0.00253 -0.00412 -0.00264 -0.01121 -0.00190 -0.00646 0.00838
000528 0.00111 0.00716 -0.00312 0.00320 0.00191 0.00627 0.00831
600012 0.00200 -0.00424 -0.00498 -0.00672 -0.00322 -0.01300 0.00805
600020 0.00236 -0.00424 -0.00002 -0.00356 -0.00268 -0.00525 0.00769
600215 -0.00268 0.00547 -0.00101 -0.00177 -0.00728 -0.00507 0.00728
000733 -0.00543 -0.00355 0.00447 0.00556 -0.00331 -0.00132 0.00716
600808 0.00258 -0.00144 -0.00716 0.00289 -0.00261 0.00110 0.00708
600780 -0.00140 -0.00623 -0.00130 0.00143 -0.00128 -0.00318 0.00708
600649 0.00049 -0.00355 -0.00216 -0.00427 -0.00264 -0.00617 0.00672
000520 -0.00379 -0.00650 0.00063 -0.00209 0.00461 -0.00639 0.00669
600183 -0.00418 0.00772 0.00138 -0.01712 0.00255 0.00107 0.00667
600132 0.00496 -0.00340 -0.00013 0.00675 0.01427 -0.00625 0.00666
000970 -0.00711 -0.00032 0.00190 -0.00634 0.00029 -0.00749 0.00646
600011 0.00113 -0.00113 0.00497 -0.00500 0.00624 -0.00487 0.00635
000021 -0.00312 -0.00130 0.00067 0.00423 -0.00683 -0.00717 0.00621
000920 -0.00182 -0.00730 0.00531 -0.00776 -0.00310 -0.00813 0.00614
600660 -0.00293 -0.00208 -0.00240 -0.00524 0.00616 0.00161 0.00580
600635 -0.00240 -0.00633 0.00934 -0.00790 -0.00004 -0.00628 0.00574
000059 0.00522 -0.00632 -0.00264 -0.00931 0.00045 -0.00489 0.00572
600588 0.00421 0.02491 0.00810 -0.00145 -0.00580 0.00076 0.00536
600027 0.00043 -0.00355 0.00336 -0.00579 0.00926 -0.00291 0.00529
000937 0.00092 -0.00285 -0.00404 -0.00417 -0.00261 -0.00273 0.00528
600770 -0.00307 -0.00598 0.00541 0.00486 -0.00343 -0.00879 0.00527
600754 0.00546 0.00151 -0.00250 -0.00334 0.00994 -0.00186 0.00525
600578 -0.00058 -0.00480 0.00112 -0.00072 0.00267 -0.00730 0.00523
600498 -0.00401 0.00581 0.00084 -0.00245 -0.00087 -0.00288 0.00523
600104 0.00335 -0.00133 0.00067 -0.00338 0.00589 -0.00166 0.00514
000898 0.00539 0.00213 -0.00839 0.00290 -0.00154 -0.00189 0.00508
600662 -0.00106 -0.00840 0.00882 -0.00733 -0.00348 -0.00624 0.00501
000009 -0.00578 -0.00244 0.00044 -0.00219 -0.00060 -0.00743 0.00494
000758 0.00181 -0.00347 -0.00383 -0.00399 -0.00295 -0.00489 0.00487
000806 -0.02040 -0.05171 0.00875 -0.01127 -0.00735 -0.00950 0.00442
600009 0.00201 0.00316 0.00008 0.00129 0.00379 0.00180 0.00442
000895 0.00257 -0.00156 -0.00241 0.00127 0.00740 -0.00486 0.00438
600271 -0.00188 -0.00102 0.01083 -0.00362 0.00701 -0.00192 0.00424
600549 -0.00107 0.00076 0.00261 -0.00809 -0.00368 -0.00235 0.00420
600694 0.00669 -0.00556 -0.00161 0.00100 0.00410 -0.00647 0.00409
600460 -0.00773 0.01599 0.00073 -0.00011 -0.00748 -0.00434 0.00392
600125 -0.00437 -0.00563 0.00005 -0.00468 0.00606 -0.00371 0.00390
600886 -0.00089 -0.00283 0.00154 -0.00231 0.00471 -0.00169 0.00386
600508 0.00302 -0.00280 -0.00544 -0.00067 0.00098 0.00008 0.00385
600021 -0.00254 -0.00460 0.00429 -0.00365 -0.00028 -0.00812 0.00349
600874 -0.00261 -0.00091 0.00873 -0.00744 -0.00413 -0.00829 0.00339
002024 0.00337 -0.00320 0.00573 -0.00435 0.01062 -0.00667 0.00337
600585 0.00777 -0.00316 -0.00026 0.00324 0.00063 0.00081 0.00325
000682 0.00193 -0.00593 0.00013 0.00166 -0.00317 -0.00400 0.00315
000581 0.00398 -0.00583 -0.00227 0.00089 -0.00046 -0.00098 0.00315
600231 -0.00155 -0.00151 -0.00829 -0.00220 -0.00470 0.00806 0.00296
000100 -0.00390 0.00369 -0.00337 -0.00354 -0.00049 -0.00331 0.00289
600018 0.00419 0.00334 -0.00329 -0.00047 -0.00303 -0.00299 0.00286
600126 0.00112 -0.00247 -0.00119 -0.00344 0.00066 -0.00144 0.00266
600406 -0.00325 -0.00262 0.00164 0.00167 -0.00049 -0.00264 0.00256
600835 -0.00218 -0.00141 -0.00229 -0.00154 -0.00134 -0.00123 0.00243
600269 0.00133 -0.00367 -0.00152 -0.00281 -0.00118 -0.00410 0.00237
000559 -0.00468 -0.00152 -0.00088 -0.00349 0.00057 -0.00819 0.00236
600031 0.00088 -0.00663 -0.00227 0.00590 -0.00326 0.00540 0.00235
600997 -0.00003 -0.00040 -0.00532 -0.00043 0.00229 -0.00112 0.00233
600863 -0.00091 -0.00363 -0.00061 -0.00249 -0.00030 -0.00595 0.00225
000726 -0.00005 -0.00276 -0.00007 0.00010 0.00436 -0.00052 0.00224
000039 -0.00274 -0.00864 -0.00451 -0.00499 0.00224 -0.00874 0.00217
000778 0.00112 -0.00144 -0.00217 -0.00388 0.00037 -0.00347 0.00214
600600 0.00104 -0.00266 0.00295 0.00062 0.01254 -0.00905 0.00201
600170 0.00183 -0.00121 -0.00057 -0.00194 -0.00190 -0.00425 0.00195
000869 0.00140 -0.00480 0.00359 -0.00127 0.00937 -0.00669 0.00188
000541 -0.00026 -0.00236 -0.00055 -0.00361 -0.00269 -0.00507 0.00187
600642 0.00132 -0.00224 -0.00044 -0.00264 -0.00089 -0.00339 0.00187
600652 0.00055 -0.00440 0.00546 -0.00983 -0.00359 -0.00784 0.00185
600795 0.00004 -0.00255 -0.00041 -0.00246 0.00004 -0.00393 0.00184
000539 0.00021 -0.00461 0.00006 -0.00198 0.00181 -0.00218 0.00177
000917 -0.00630 -0.00382 0.00351 -0.00950 0.00035 -0.00603 0.00176
000012 0.00157 -0.00541 -0.00253 -0.00231 -0.00264 -0.00803 0.00176
600143 -0.00018 -0.00230 -0.00205 -0.00168 -0.00121 -0.00260 0.00170
000425 -0.00025 -0.00483 -0.00369 0.00206 0.00139 0.00177 0.00170
000623 0.00040 -0.00529 -0.00044 -0.00223 -0.00048 -0.00302 0.00170
600026 0.00071 -0.00607 -0.00196 -0.00021 -0.00238 -0.00836 0.00164
600089 -0.00038 -0.00542 -0.00091 -0.00575 -0.00063 -0.00580 0.00156
600741 -0.00499 -0.00034 -0.00343 -0.00476 0.00660 -0.00346 0.00150
600900 0.00093 0.00241 -0.00123 0.00034 0.00278 -0.00086 0.00141
000768 -0.00319 -0.00326 0.00706 0.00446 -0.00673 -0.00004 0.00138
000878 -0.00322 -0.00450 -0.00428 -0.00115 -0.00204 -0.00512 0.00138
000786 0.00477 -0.00212 0.00330 -0.00480 -0.00318 -0.00566 0.00132
600779 -0.00047 -0.00397 -0.00008 -0.00319 0.01037 0.00573 0.00127
600073 -0.00124 -0.00468 -0.00030 -0.00341 0.00867 -0.00994 0.00126
600643 0.00474 0.00183 -0.00524 -0.00239 -0.00242 -0.00278 0.00125
600028 0.00683 -0.00618 0.00063 0.00372 0.00107 -0.00109 0.00116
000601 -0.00052 -0.00323 0.00107 -0.00480 -0.00119 -0.01625 0.00112
600970 0.00500 -0.00714 -0.00328 -0.00583 -0.00290 -0.00420 0.00104
600597 -0.00121 -0.00719 -0.00094 -0.00898 0.00628 -0.01027 0.00101
600267 -0.00282 -0.00209 0.00653 -0.00136 0.00386 -0.00535 0.00099
600839 -0.00196 -0.00498 0.00100 -0.00175 -0.00069 -0.00178 0.00093
600236 -0.00143 0.00094 0.00036 -0.00193 0.00300 0.00162 0.00086
600035 -0.00142 -0.00889 -0.00165 -0.00224 -0.00393 -0.00745 0.00070
000060 0.00339 -0.01008 -0.00358 0.00058 -0.00181 -0.00909 0.00065
000717 -0.00372 -0.00158 -0.01003 0.00755 -0.00283 0.00031 0.00061
600006 -0.00218 -0.00471 -0.00212 -0.00699 0.00041 -0.00245 0.00057
600820 -0.00050 -0.00533 -0.00212 -0.00198 0.00018 -0.00820 0.00056
000960 0.00924 -0.00256 -0.00500 0.00152 0.00553 -0.01216 0.00051
600718 -0.00432 -0.00186 0.00603 0.00739 -0.00925 0.00003 0.00051
000983 0.00239 -0.00864 -0.00709 -0.00035 -0.00017 -0.00099 0.00051
600674 -0.00199 -0.00372 -0.00035 -0.00158 0.00279 -0.00360 0.00046
000708 0.00079 -0.00175 -0.00388 -0.00099 -0.00058 -0.00237 0.00025
600809 0.01021 -0.01256 0.00042 -0.00150 0.00913 -0.00077 0.00022
600663 0.00160 -0.00097 -0.00086 -0.00242 -0.00431 -0.00131 0.00020
600519 0.00440 -0.00326 -0.00255 -0.00160 0.00589 -0.00037 0.00016
000061 -0.00046 -0.00905 0.00465 -0.00576 -0.00020 -0.00824 0.00012
000550 0.00721 0.00115 -0.00438 -0.00414 -0.00238 -0.00360 0.00010
600085 0.00238 -0.00295 0.00315 0.00159 0.00641 -0.00670 0.00009
600019 0.00682 0.00089 -0.00722 0.00473 -0.00406 -0.00113 0.00009
600377 0.00055 -0.00057 -0.00091 -0.00281 0.00242 -0.00311 0.00007
600307 -0.00008 -0.00388 -0.00486 -0.00228 -0.00237 -0.00152 0.00001
600717 0.00058 -0.00271 -0.00181 -0.00349 -0.00113 -0.00726 -0.00003
000858 0.00290 -0.00798 -0.00482 0.00162 0.00708 -0.00156 -0.00006
600639 0.00058 -0.00621 -0.00018 -0.00283 -0.00253 -0.00491 -0.00008
600098 -0.00004 -0.00739 -0.00044 -0.00189 0.00609 -0.00264 -0.00013
600033 0.00126 -0.00370 -0.00058 -0.00127 -0.00037 -0.00374 -0.00018
000625 0.00090 -0.00443 -0.00291 -0.00433 -0.00092 -0.00578 -0.00025
600308 0.00459 0.00045 -0.00635 -0.00199 -0.00113 -0.00386 -0.00030
600004 0.00648 -0.00173 -0.00196 -0.00137 0.00415 -0.01098 -0.00032
000089 0.00156 -0.00199 -0.00120 -0.00416 0.00232 -0.00272 -0.00036
000761 0.00390 -0.00425 -0.00664 -0.00327 -0.00352 0.00233 -0.00039
600415 0.00140 -0.00642 0.00001 -0.00345 0.00132 -0.00870 -0.00040
600062 -0.00304 -0.00218 0.00346 0.00311 0.00173 -0.00284 -0.00040
600171 -0.01035 0.00322 0.00459 0.00227 -0.00645 -0.00486 -0.00050
600008 0.00056 -0.00213 0.00350 -0.00458 -0.00262 -0.00379 -0.00051
600535 0.00038 0.00036 0.01116 -0.00090 -0.00211 -0.00684 -0.00066
600628 0.00197 -0.00769 -0.00010 -0.00182 -0.00207 -0.00886 -0.00075
000729 0.00531 -0.00242 0.00303 -0.00200 0.00775 -0.01186 -0.00095
600348 0.00525 0.00455 -0.00774 -0.00095 -0.00106 0.00221 -0.00113
600276 0.00443 -0.00258 0.00861 -0.00203 0.00816 0.00016 -0.00114
000568 -0.00022 -0.00687 -0.00096 0.00360 0.00649 -0.00607 -0.00116
600887 0.00278 -0.00295 -0.00558 -0.00390 0.00800 -0.00384 -0.00116
600299 0.00942 -0.00047 0.00482 0.00045 -0.00218 -0.00403 -0.00117
000066 -0.00036 -0.00585 0.01089 0.00598 -0.00576 -0.00465 -0.00117
600196 -0.00385 -0.00045 0.00550 -0.00777 0.00883 -0.00516 -0.00120
600637 0.00075 -0.00586 0.00298 0.00177 0.00317 -0.00827 -0.00120
000423 0.00400 -0.00571 0.00123 -0.00247 0.00126 -0.00533 -0.00121
600616 -0.00366 -0.00965 0.00179 -0.00517 0.00695 -0.01022 -0.00125
600895 -0.00019 -0.01009 0.00549 -0.00155 -0.00049 -0.00539 -0.00137
000099 0.00026 -0.00614 0.00258 -0.00281 -0.00329 -0.00800 -0.00141
600688 0.00178 -0.00722 0.00089 -0.00137 -0.00038 -0.00058 -0.00153
000630 -0.00009 -0.00277 -0.00247 -0.00124 -0.00085 -0.00590 -0.00163
600797 -0.00059 -0.00324 0.00701 0.00422 -0.00686 -0.00566 -0.00167
000488 0.00443 0.00013 -0.00144 -0.00925 -0.00163 -0.00419 -0.00179
000997 0.00117 -0.00387 0.00941 -0.00511 -0.00392 -0.00397 -0.00184
000402 0.00299 -0.00876 -0.00220 -0.00429 0.00110 -0.00525 -0.00192
600894 -0.00107 -0.00260 0.00054 -0.00522 -0.00553 -0.00722 -0.00197
000959 0.00133 -0.00399 -0.00649 -0.00767 -0.00460 0.00360 -0.00200
600655 0.00409 -0.01061 0.00264 -0.00205 0.00341 -0.00494 -0.00202
600037 -0.00080 -0.00304 0.00287 -0.00358 -0.00078 -0.00581 -0.00207
600740 0.01927 0.00442 -0.00847 0.00103 -0.00158 -0.00174 -0.00210
000036 0.01050 -0.01166 -0.00426 -0.00674 -0.00167 -0.00528 -0.00211
600548 0.00078 -0.00335 -0.00137 0.00029 0.00144 -0.00319 -0.00212
000503 -0.00375 -0.00855 0.00553 0.00145 -0.00278 -0.00732 -0.00227
600598 0.00454 -0.00623 0.00213 -0.00121 -0.00032 -0.00565 -0.00231
000088 0.00271 -0.00323 -0.00206 0.00131 0.00059 -0.00613 -0.00243
000822 0.00122 -0.00395 -0.00552 -0.00111 0.00392 -0.00584 -0.00244
600362 0.00153 -0.00675 -0.00280 -0.00033 -0.00167 -0.00193 -0.00253
600057 0.00429 -0.00407 -0.00092 0.00187 0.00224 -0.00736 -0.00257
600138 0.00538 -0.00089 0.00101 -0.00582 0.00416 -0.00656 -0.00273
600210 0.00218 -0.00426 0.00032 -0.00753 0.00057 -0.00727 -0.00277
600550 0.00215 -0.00250 0.00315 -0.00876 -0.00561 -0.00919 -0.00282
600583 0.00620 -0.00397 -0.00213 -0.00297 0.00169 -0.00581 -0.00290
600029 -0.00019 0.00114 -0.00541 0.00000 -0.00138 -0.00791 -0.00300
600060 0.00225 -0.00032 -0.00013 -0.00767 0.00493 -0.00492 -0.00302
000027 0.00010 -0.00468 0.00163 -0.00163 0.00085 -0.00662 -0.00356
600115 0.00099 -0.00390 -0.00345 -0.00084 0.00200 -0.00487 -0.00377
600207 -0.00087 0.00482 0.01480 -0.00787 0.00711 -0.01470 -0.00414
000401 0.00188 0.00055 0.00224 -0.00606 -0.00837 -0.01037 -0.00466
600690 0.00573 -0.00507 -0.00451 -0.00138 0.00749 -0.00094 -0.00470
600383 0.01055 -0.01279 -0.00405 -0.00204 -0.00235 -0.00183 -0.00481
600058 -0.00162 -0.00594 -0.00098 0.00019 -0.00190 -0.00812 -0.00485
000709 0.00173 -0.00093 -0.00549 -0.00368 -0.00189 -0.00118 -0.00494
000599 0.00124 -0.00302 -0.00112 0.00067 -0.00015 -0.00925 -0.00497
600456 -0.00064 -0.01236 0.00304 -0.00312 -0.00340 -0.00860 -0.00509
600350 0.00255 -0.00353 -0.00164 -0.00582 -0.00283 -0.00701 -0.00510
600581 0.00066 0.01061 -0.00917 -0.00821 -0.01155 0.01009 -0.00518
600188 0.01053 -0.00790 -0.00543 0.00305 -0.00231 0.00013 -0.00522
000933 -0.00615 -0.00510 -0.00218 -0.00510 -0.00943 -0.00582 -0.00564
000969 -0.00410 -0.00201 0.00188 -0.00005 -0.00371 -0.00755 -0.00567
000538 -0.00017 -0.00514 0.00280 -0.00236 0.00897 -0.00308 -0.00619
600675 0.00033 -0.00523 -0.00193 -0.00340 -0.00059 -0.00142 -0.00640
000807 -0.00303 -0.00701 -0.00492 0.00026 -0.00786 -0.00930 -0.00673
000698 -0.00035 -0.00413 0.00070 -0.00740 -0.00055 -0.00515 -0.00685
600521 -0.00595 0.00265 0.00921 0.00384 -0.00105 -0.00194 -0.00696
600333 -0.00848 -0.00558 -0.00323 -0.00172 0.00246 -0.00412 -0.00717
000651 0.01175 -0.00487 -0.00424 -0.00295 0.00355 -0.00017 -0.00791
600151 -0.00326 -0.01336 0.00218 -0.00372 -0.00561 -0.00848 -0.00892
000792 -0.00240 0.00059 0.00022 -0.00274 0.00062 -0.00604 -0.00910
000002 0.00917 -0.00877 0.00115 -0.00855 -0.00453 -0.00158 -0.00941
600010 0.00043 -0.00281 -0.00372 -0.00514 -0.00855 -0.00446 -0.01370
